1.000000 98.076923
2.000000 96.296296
3.000000 94.642857
4.000000 93.103448
5.000000 91.666667
6.000000 90.322581
7.000000 89.062500
8.000000 87.878788
9.000000 86.764706
10.000000 85.714286
11.000000 84.722222
12.000000 83.783784
13.000000 82.894737
14.000000 82.051282
15.000000 81.250000
16.000000 80.487805
17.000000 79.761905
18.000000 79.069767
19.000000 78.409091
20.000000 77.777778
21.000000 77.173913
22.000000 76.595745
23.000000 76.041667
24.000000 75.510204
25.000000 75.000000
26.000000 74.509804
27.000000 74.038462
28.000000 73.584906
29.000000 73.148148
30.000000 72.727273
31.000000 72.321429
32.000000 71.929825
33.000000 71.551724
34.000000 71.186441
35.000000 70.833333
36.000000 70.491803
37.000000 70.161290
38.000000 69.841270
39.000000 69.531250
40.000000 69.230769
41.000000 68.939394
42.000000 68.656716
43.000000 68.382353
44.000000 68.115942
45.000000 67.857143
46.000000 67.605634
47.000000 67.361111
48.000000 67.123288
49.000000 66.891892
50.000000 66.666667
51.000000 66.447368
52.000000 66.233766
53.000000 66.025641
54.000000 65.822785
55.000000 65.625000
56.000000 65.432099
57.000000 65.243902
58.000000 65.060241
59.000000 64.880952
60.000000 64.705882
61.000000 64.534884
62.000000 64.367816
63.000000 64.204545
64.000000 64.044944
65.000000 63.888889
66.000000 63.736264
67.000000 63.586957
68.000000 63.440860
69.000000 63.297872
70.000000 63.157895
71.000000 63.020833
72.000000 62.886598
73.000000 62.755102
74.000000 62.626263
75.000000 62.500000
76.000000 62.376238
77.000000 62.254902
78.000000 62.135922
79.000000 62.019231
80.000000 61.904762
81.000000 61.792453
82.000000 61.682243
83.000000 61.574074
84.000000 61.467890
85.000000 61.363636
86.000000 61.261261
87.000000 61.160714
88.000000 61.061947
89.000000 60.964912
90.000000 60.869565
91.000000 60.775862
92.000000 60.683761
93.000000 60.593220
94.000000 60.504202
95.000000 60.416667
96.000000 60.330579
97.000000 60.245902
98.000000 60.162602
99.000000 60.080645
100.000000 60.000000
101.000000 59.920635
102.000000 59.842520
103.000000 59.765625
104.000000 59.689922
105.000000 59.615385
106.000000 59.541985
107.000000 59.469697
108.000000 59.398496
109.000000 59.328358
110.000000 59.259259
111.000000 59.191176
112.000000 59.124088
113.000000 59.057971
114.000000 58.992806
115.000000 58.928571
116.000000 58.865248
117.000000 58.802817
118.000000 58.741259
119.000000 58.680556
120.000000 58.620690
121.000000 58.561644
122.000000 58.503401
123.000000 58.445946
124.000000 58.389262
125.000000 58.333333
126.000000 58.278146
127.000000 58.223684
128.000000 58.169935
129.000000 58.116883
130.000000 58.064516
131.000000 58.012821
132.000000 57.961783
133.000000 57.911392
134.000000 57.861635
135.000000 57.812500
136.000000 57.763975
137.000000 57.716049
138.000000 57.668712
139.000000 57.621951
140.000000 57.575758
141.000000 57.530120
142.000000 57.485030
143.000000 57.440476
144.000000 57.396450
145.000000 57.352941
146.000000 57.309942
147.000000 57.267442
148.000000 57.225434
149.000000 57.183908
150.000000 57.142857
151.000000 57.102273
152.000000 57.062147
153.000000 57.022472
154.000000 56.983240
155.000000 56.944444
156.000000 56.906077
157.000000 56.868132
158.000000 56.830601
159.000000 56.793478
160.000000 56.756757
161.000000 56.720430
162.000000 56.684492
163.000000 56.648936
164.000000 56.613757
165.000000 56.578947
166.000000 56.544503
167.000000 56.510417
168.000000 56.476684
169.000000 56.443299
170.000000 56.410256
171.000000 56.377551
172.000000 56.345178
173.000000 56.313131
174.000000 56.281407
175.000000 56.250000
176.000000 56.218905
177.000000 56.188119
178.000000 56.157635
179.000000 56.127451
180.000000 56.097561
181.000000 56.067961
182.000000 56.038647
183.000000 56.009615
184.000000 55.980861
185.000000 55.952381
186.000000 55.924171
187.000000 55.896226
188.000000 55.868545
189.000000 55.841121
190.000000 55.813953
191.000000 55.787037
192.000000 55.760369
193.000000 55.733945
194.000000 55.707763
195.000000 55.681818
196.000000 55.656109
197.000000 55.630631
198.000000 55.605381
199.000000 55.580357
200.000000 55.555556
201.000000 55.530973
202.000000 55.506608
203.000000 55.482456
204.000000 55.458515
205.000000 55.434783
206.000000 55.411255
207.000000 55.387931
208.000000 55.364807
209.000000 55.341880
210.000000 55.319149
211.000000 55.296610
212.000000 55.274262
213.000000 55.252101
214.000000 55.230126
215.000000 55.208333
216.000000 55.186722
217.000000 55.165289
218.000000 55.144033
219.000000 55.122951
220.000000 55.102041
221.000000 55.081301
222.000000 55.060729
223.000000 55.040323
224.000000 55.020080
225.000000 55.000000
226.000000 54.980080
227.000000 54.960317
228.000000 54.940711
229.000000 54.921260
230.000000 54.901961
231.000000 54.882813
232.000000 54.863813
233.000000 54.844961
234.000000 54.826255
235.000000 54.807692
236.000000 54.789272
237.000000 54.770992
238.000000 54.752852
239.000000 54.734848
240.000000 54.716981
241.000000 54.699248
242.000000 54.681648
243.000000 54.664179
244.000000 54.646840
245.000000 54.629630
246.000000 54.612546
247.000000 54.595588
248.000000 54.578755
249.000000 54.562044
250.000000 54.545455
251.000000 54.528986
252.000000 54.512635
253.000000 54.496403
254.000000 54.480287
255.000000 54.464286
256.000000 54.448399
257.000000 54.432624
258.000000 54.416961
259.000000 54.401408
260.000000 54.385965
261.000000 54.370629
262.000000 54.355401
263.000000 54.340278
264.000000 54.325260
265.000000 54.310345
266.000000 54.295533
267.000000 54.280822
268.000000 54.266212
269.000000 54.251701
270.000000 54.237288
271.000000 54.222973
272.000000 54.208754
273.000000 54.194631
274.000000 54.180602
275.000000 54.166667
276.000000 54.152824
277.000000 54.139073
278.000000 54.125413
279.000000 54.111842
280.000000 54.098361
281.000000 54.084967
282.000000 54.071661
283.000000 54.058442
284.000000 54.045307
285.000000 54.032258
286.000000 54.019293
287.000000 54.006410
288.000000 53.993610
289.000000 53.980892
290.000000 53.968254
291.000000 53.955696
292.000000 53.943218
293.000000 53.930818
294.000000 53.918495
295.000000 53.906250
296.000000 53.894081
297.000000 53.881988
298.000000 53.869969
299.000000 53.858025
300.000000 53.846154
301.000000 53.834356
302.000000 53.822630
303.000000 53.810976
304.000000 53.799392
305.000000 53.787879
306.000000 53.776435
307.000000 53.765060
308.000000 53.753754
309.000000 53.742515
310.000000 53.731343
311.000000 53.720238
312.000000 53.709199
313.000000 53.698225
314.000000 53.687316
315.000000 53.676471
316.000000 53.665689
317.000000 53.654971
318.000000 53.644315
319.000000 53.633721
320.000000 53.623188
321.000000 53.612717
322.000000 53.602305
323.000000 53.591954
324.000000 53.581662
325.000000 53.571429
326.000000 53.561254
327.000000 53.551136
328.000000 53.541076
329.000000 53.531073
330.000000 53.521127
331.000000 53.511236
332.000000 53.501401
333.000000 53.491620
334.000000 53.481894
335.000000 53.472222
336.000000 53.462604
337.000000 53.453039
338.000000 53.443526
339.000000 53.434066
340.000000 53.424658
341.000000 53.415301
342.000000 53.405995
343.000000 53.396739
344.000000 53.387534
345.000000 53.378378
346.000000 53.369272
347.000000 53.360215
348.000000 53.351206
349.000000 53.342246
350.000000 53.333333
351.000000 53.324468
352.000000 53.315650
353.000000 53.306878
354.000000 53.298153
355.000000 53.289474
356.000000 53.280840
357.000000 53.272251
358.000000 53.263708
359.000000 53.255208
360.000000 53.246753
361.000000 53.238342
362.000000 53.229974
363.000000 53.221649
364.000000 53.213368
365.000000 53.205128
366.000000 53.196931
367.000000 53.188776
368.000000 53.180662
369.000000 53.172589
370.000000 53.164557
371.000000 53.156566
372.000000 53.148615
373.000000 53.140704
374.000000 53.132832
375.000000 53.125000
376.000000 53.117207
377.000000 53.109453
378.000000 53.101737
379.000000 53.094059
380.000000 53.086420
381.000000 53.078818
382.000000 53.071253
383.000000 53.063725
384.000000 53.056235
385.000000 53.048780
386.000000 53.041363
387.000000 53.033981
388.000000 53.026634
389.000000 53.019324
390.000000 53.012048
391.000000 53.004808
392.000000 52.997602
393.000000 52.990431
394.000000 52.983294
395.000000 52.976190
396.000000 52.969121
397.000000 52.962085
398.000000 52.955083
399.000000 52.948113
400.000000 52.941176
401.000000 52.934272
402.000000 52.927400
403.000000 52.920561
404.000000 52.913753
405.000000 52.906977
406.000000 52.900232
407.000000 52.893519
408.000000 52.886836
409.000000 52.880184
410.000000 52.873563
411.000000 52.866972
412.000000 52.860412
413.000000 52.853881
414.000000 52.847380
415.000000 52.840909
416.000000 52.834467
417.000000 52.828054
418.000000 52.821670
419.000000 52.815315
420.000000 52.808989
421.000000 52.802691
422.000000 52.796421
423.000000 52.790179
424.000000 52.783964
425.000000 52.777778
426.000000 52.771619
427.000000 52.765487
428.000000 52.759382
429.000000 52.753304
430.000000 52.747253
431.000000 52.741228
432.000000 52.735230
433.000000 52.729258
434.000000 52.723312
435.000000 52.717391
436.000000 52.711497
437.000000 52.705628
438.000000 52.699784
439.000000 52.693966
440.000000 52.688172
441.000000 52.682403
442.000000 52.676660
443.000000 52.670940
444.000000 52.665245
445.000000 52.659574
446.000000 52.653928
447.000000 52.648305
448.000000 52.642706
449.000000 52.637131
450.000000 52.631579
451.000000 52.626050
452.000000 52.620545
453.000000 52.615063
454.000000 52.609603
455.000000 52.604167
456.000000 52.598753
457.000000 52.593361
458.000000 52.587992
459.000000 52.582645
460.000000 52.577320
461.000000 52.572016
462.000000 52.566735
463.000000 52.561475
464.000000 52.556237
465.000000 52.551020
466.000000 52.545825
467.000000 52.540650
468.000000 52.535497
469.000000 52.530364
470.000000 52.525253
471.000000 52.520161
472.000000 52.515091
473.000000 52.510040
474.000000 52.505010
475.000000 52.500000
476.000000 52.495010
477.000000 52.490040
478.000000 52.485089
479.000000 52.480159
480.000000 52.475248
481.000000 52.470356
482.000000 52.465483
483.000000 52.460630
484.000000 52.455796
485.000000 52.450980
486.000000 52.446184
487.000000 52.441406
488.000000 52.436647
489.000000 52.431907
490.000000 52.427184
491.000000 52.422481
492.000000 52.417795
493.000000 52.413127
494.000000 52.408478
495.000000 52.403846
496.000000 52.399232
497.000000 52.394636
498.000000 52.390057
499.000000 52.385496
500.000000 52.380952
501.000000 52.376426
502.000000 52.371917
503.000000 52.367424
504.000000 52.362949
505.000000 52.358491
506.000000 52.354049
507.000000 52.349624
508.000000 52.345216
509.000000 52.340824
510.000000 52.336449
511.000000 52.332090
512.000000 52.327747
513.000000 52.323420
514.000000 52.319109
515.000000 52.314815
516.000000 52.310536
517.000000 52.306273
518.000000 52.302026
519.000000 52.297794
520.000000 52.293578
521.000000 52.289377
522.000000 52.285192
523.000000 52.281022
524.000000 52.276867
525.000000 52.272727
526.000000 52.268603
527.000000 52.264493
528.000000 52.260398
529.000000 52.256318
530.000000 52.252252
531.000000 52.248201
532.000000 52.244165
533.000000 52.240143
534.000000 52.236136
535.000000 52.232143
536.000000 52.228164
537.000000 52.224199
538.000000 52.220249
539.000000 52.216312
540.000000 52.212389
541.000000 52.208481
542.000000 52.204586
543.000000 52.200704
544.000000 52.196837
545.000000 52.192982
546.000000 52.189142
547.000000 52.185315
548.000000 52.181501
549.000000 52.177700
550.000000 52.173913
551.000000 52.170139
552.000000 52.166378
553.000000 52.162630
554.000000 52.158895
555.000000 52.155172
556.000000 52.151463
557.000000 52.147766
558.000000 52.144082
559.000000 52.140411
560.000000 52.136752
561.000000 52.133106
562.000000 52.129472
563.000000 52.125850
564.000000 52.122241
565.000000 52.118644
566.000000 52.115059
567.000000 52.111486
568.000000 52.107926
569.000000 52.104377
570.000000 52.100840
571.000000 52.097315
572.000000 52.093802
573.000000 52.090301
574.000000 52.086811
575.000000 52.083333
576.000000 52.079867
577.000000 52.076412
578.000000 52.072968
579.000000 52.069536
580.000000 52.066116
581.000000 52.062706
582.000000 52.059308
583.000000 52.055921
584.000000 52.052545
585.000000 52.049180
586.000000 52.045827
587.000000 52.042484
588.000000 52.039152
589.000000 52.035831
590.000000 52.032520
591.000000 52.029221
592.000000 52.025932
593.000000 52.022654
594.000000 52.019386
595.000000 52.016129
596.000000 52.012882
597.000000 52.009646
598.000000 52.006421
599.000000 52.003205
600.000000 52.000000
601.000000 51.996805
602.000000 51.993620
603.000000 51.990446
604.000000 51.987281
605.000000 51.984127
606.000000 51.980983
607.000000 51.977848
608.000000 51.974724
609.000000 51.971609
610.000000 51.968504
611.000000 51.965409
612.000000 51.962323
613.000000 51.959248
614.000000 51.956182
615.000000 51.953125
616.000000 51.950078
617.000000 51.947040
618.000000 51.944012
619.000000 51.940994
620.000000 51.937984
621.000000 51.934985
622.000000 51.931994
623.000000 51.929012
624.000000 51.926040
625.000000 51.923077
626.000000 51.920123
627.000000 51.917178
628.000000 51.914242
629.000000 51.911315
630.000000 51.908397
631.000000 51.905488
632.000000 51.902588
633.000000 51.899696
634.000000 51.896813
635.000000 51.893939
636.000000 51.891074
637.000000 51.888218
638.000000 51.885370
639.000000 51.882530
640.000000 51.879699
641.000000 51.876877
642.000000 51.874063
643.000000 51.871257
644.000000 51.868460
645.000000 51.865672
646.000000 51.862891
647.000000 51.860119
648.000000 51.857355
649.000000 51.854599
650.000000 51.851852
651.000000 51.849112
652.000000 51.846381
653.000000 51.843658
654.000000 51.840943
655.000000 51.838235
656.000000 51.835536
657.000000 51.832845
658.000000 51.830161
659.000000 51.827485
660.000000 51.824818
661.000000 51.822157
662.000000 51.819505
663.000000 51.816860
664.000000 51.814224
665.000000 51.811594
666.000000 51.808973
667.000000 51.806358
668.000000 51.803752
669.000000 51.801153
670.000000 51.798561
671.000000 51.795977
672.000000 51.793400
673.000000 51.790831
674.000000 51.788269
675.000000 51.785714
676.000000 51.783167
677.000000 51.780627
678.000000 51.778094
679.000000 51.775568
680.000000 51.773050
681.000000 51.770538
682.000000 51.768034
683.000000 51.765537
684.000000 51.763047
685.000000 51.760563
686.000000 51.758087
687.000000 51.755618
688.000000 51.753156
689.000000 51.750700
690.000000 51.748252
691.000000 51.745810
692.000000 51.743375
693.000000 51.740947
694.000000 51.738526
695.000000 51.736111
696.000000 51.733703
697.000000 51.731302
698.000000 51.728907
699.000000 51.726519
700.000000 51.724138
701.000000 51.721763
702.000000 51.719395
703.000000 51.717033
704.000000 51.714678
705.000000 51.712329
706.000000 51.709986
707.000000 51.707650
708.000000 51.705321
709.000000 51.702997
710.000000 51.700680
711.000000 51.698370
712.000000 51.696065
713.000000 51.693767
714.000000 51.691475
715.000000 51.689189
716.000000 51.686910
717.000000 51.684636
718.000000 51.682369
719.000000 51.680108
720.000000 51.677852
721.000000 51.675603
722.000000 51.673360
723.000000 51.671123
724.000000 51.668892
725.000000 51.666667
726.000000 51.664447
727.000000 51.662234
728.000000 51.660027
729.000000 51.657825
730.000000 51.655629
731.000000 51.653439
732.000000 51.651255
733.000000 51.649077
734.000000 51.646904
735.000000 51.644737
736.000000 51.642576
737.000000 51.640420
738.000000 51.638270
739.000000 51.636126
740.000000 51.633987
741.000000 51.631854
742.000000 51.629726
743.000000 51.627604
744.000000 51.625488
745.000000 51.623377
746.000000 51.621271
747.000000 51.619171
748.000000 51.617076
749.000000 51.614987
750.000000 51.612903
751.000000 51.610825
752.000000 51.608752
753.000000 51.606684
754.000000 51.604621
755.000000 51.602564
756.000000 51.600512
757.000000 51.598465
758.000000 51.596424
759.000000 51.594388
760.000000 51.592357
761.000000 51.590331
762.000000 51.588310
763.000000 51.586294
764.000000 51.584284
765.000000 51.582278
766.000000 51.580278
767.000000 51.578283
768.000000 51.576293
769.000000 51.574307
770.000000 51.572327
771.000000 51.570352
772.000000 51.568381
773.000000 51.566416
774.000000 51.564456
775.000000 51.562500
776.000000 51.560549
777.000000 51.558603
778.000000 51.556663
779.000000 51.554726
780.000000 51.552795
781.000000 51.550868
782.000000 51.548947
783.000000 51.547030
784.000000 51.545117
785.000000 51.543210
786.000000 51.541307
787.000000 51.539409
788.000000 51.537515
789.000000 51.535627
790.000000 51.533742
791.000000 51.531863
792.000000 51.529988
793.000000 51.528117
794.000000 51.526252
795.000000 51.524390
796.000000 51.522533
797.000000 51.520681
798.000000 51.518834
799.000000 51.516990
800.000000 51.515152
801.000000 51.513317
802.000000 51.511487
803.000000 51.509662
804.000000 51.507841
805.000000 51.506024
806.000000 51.504212
807.000000 51.502404
808.000000 51.500600
809.000000 51.498801
810.000000 51.497006
811.000000 51.495215
812.000000 51.493429
813.000000 51.491647
814.000000 51.489869
815.000000 51.488095
816.000000 51.486326
817.000000 51.484561
818.000000 51.482800
819.000000 51.481043
820.000000 51.479290
821.000000 51.477541
822.000000 51.475797
823.000000 51.474057
824.000000 51.472320
825.000000 51.470588
826.000000 51.468860
827.000000 51.467136
828.000000 51.465416
829.000000 51.463700
830.000000 51.461988
831.000000 51.460280
832.000000 51.458576
833.000000 51.456876
834.000000 51.455180
835.000000 51.453488
836.000000 51.451800
837.000000 51.450116
838.000000 51.448436
839.000000 51.446759
840.000000 51.445087
841.000000 51.443418
842.000000 51.441753
843.000000 51.440092
844.000000 51.438435
845.000000 51.436782
846.000000 51.435132
847.000000 51.433486
848.000000 51.431844
849.000000 51.430206
850.000000 51.428571
851.000000 51.426941
852.000000 51.425314
853.000000 51.423690
854.000000 51.422071
855.000000 51.420455
856.000000 51.418842
857.000000 51.417234
858.000000 51.415629
859.000000 51.414027
860.000000 51.412429
861.000000 51.410835
862.000000 51.409245
863.000000 51.407658
864.000000 51.406074
865.000000 51.404494
866.000000 51.402918
867.000000 51.401345
868.000000 51.399776
869.000000 51.398210
870.000000 51.396648
871.000000 51.395089
872.000000 51.393534
873.000000 51.391982
874.000000 51.390434
875.000000 51.388889
876.000000 51.387347
877.000000 51.385809
878.000000 51.384275
879.000000 51.382743
880.000000 51.381215
881.000000 51.379691
882.000000 51.378170
883.000000 51.376652
884.000000 51.375138
885.000000 51.373626
886.000000 51.372119
887.000000 51.370614
888.000000 51.369113
889.000000 51.367615
890.000000 51.366120
891.000000 51.364629
892.000000 51.363141
893.000000 51.361656
894.000000 51.360174
895.000000 51.358696
896.000000 51.357220
897.000000 51.355748
898.000000 51.354280
899.000000 51.352814
900.000000 51.351351
901.000000 51.349892
902.000000 51.348436
903.000000 51.346983
904.000000 51.345533
905.000000 51.344086
906.000000 51.342642
907.000000 51.341202
908.000000 51.339764
909.000000 51.338330
910.000000 51.336898
911.000000 51.335470
912.000000 51.334045
913.000000 51.332623
914.000000 51.331203
915.000000 51.329787
916.000000 51.328374
917.000000 51.326964
918.000000 51.325557
919.000000 51.324153
920.000000 51.322751
921.000000 51.321353
922.000000 51.319958
923.000000 51.318565
924.000000 51.317176
925.000000 51.315789
926.000000 51.314406
927.000000 51.313025
928.000000 51.311647
929.000000 51.310273
930.000000 51.308901
931.000000 51.307531
932.000000 51.306165
933.000000 51.304802
934.000000 51.303441
935.000000 51.302083
936.000000 51.300728
937.000000 51.299376
938.000000 51.298027
939.000000 51.296680
940.000000 51.295337
941.000000 51.293996
942.000000 51.292658
943.000000 51.291322
944.000000 51.289990
945.000000 51.288660
946.000000 51.287333
947.000000 51.286008
948.000000 51.284687
949.000000 51.283368
950.000000 51.282051
951.000000 51.280738
952.000000 51.279427
953.000000 51.278119
954.000000 51.276813
955.000000 51.275510
956.000000 51.274210
957.000000 51.272912
958.000000 51.271617
959.000000 51.270325
960.000000 51.269036
961.000000 51.267748
962.000000 51.266464
963.000000 51.265182
964.000000 51.263903
965.000000 51.262626
966.000000 51.261352
967.000000 51.260081
968.000000 51.258812
969.000000 51.257545
970.000000 51.256281
971.000000 51.255020
972.000000 51.253761
973.000000 51.252505
974.000000 51.251251
975.000000 51.250000
976.000000 51.248751
977.000000 51.247505
978.000000 51.246261
979.000000 51.245020
980.000000 51.243781
981.000000 51.242545
982.000000 51.241311
983.000000 51.240079
984.000000 51.238850
985.000000 51.237624
986.000000 51.236400
987.000000 51.235178
988.000000 51.233959
989.000000 51.232742
990.000000 51.231527
991.000000 51.230315
992.000000 51.229105
993.000000 51.227898
994.000000 51.226693
995.000000 51.225490
996.000000 51.224290
997.000000 51.223092
998.000000 51.221896
999.000000 51.220703
